$ANSIBLE_VAULT;1.1;AES256
30623133616366373236643733373766653438623633343563626432353466313134616635316336
3566383534376339613739616134383363656536343634330a646162323963333034366162393237
36643332393531316630393934643866306332666534346638616539646264623361666366373530
6633643364323735650a346666643435653066653231323066316661376563653038306637363939
39383562393666306236323031313136333430393130303536316436656261643633393932363262
37356661653533383737633039303762373766353236373461363535636539376163626465666166
30313562333539356236396232343062316162623133343865653630633834613031626636396565
61663837396261393337396237316436626463323335633435646566646537366466343435653733
38656138663437343165613837333634366536396330323436336664343839326430666336616231
37313734376636663434613039383763386134323634376363393362396165623038633738313433
66373461376330316232363635316361336463656561616236633764626336663338386537356631
62616665636530303535623930346566333066323061343131616466353139386135303736663030
64636366626130366637656331656335643239363332653535643131653463313534356139353761
35366366306530333536366436356561376364616663613431653735396533333636306430373439
65373936376165323138313835633936333164373137313465333436663035653066316165306363
35386132626638393362653735386232343736633937623032643036623566303730633036393130
37383136323933306335353030333732636163303931386231633336346661646330666436623430
39363739393764336530643837326162663766323962643135326138363736323032393938643039
30396434303662396638306638653464366365616666653766396337343361336664363238346434
39353666636235343237323030633563333639316636663934383931313265366561663537656637
38306334326666656531653939666663343363326438303730646661376564376166666166303133
34316339333631623038343964316633306165633464393262323662316334653231383566643366
37373865623238393837663362613533316639313365613432313764343030613665363233663538
65633664613961393965653666386135306661393130333864633337613339656365363932363263
37323266616563666333633635643330326438323130333764643931636433626464633735306534
30343938633336613030633536383439396363393031376537396562633462373338646365646230
39643862376137383862326230386365393432643331306130333237376262656235323934376636
35633330656264663365343966343563303331643061343665303835353139313863343432666266
66636533333039663863643432306166353335656638626163383632336564633730356437653439
34653538336531396236383238646533323234313136623436613062303431373136316537313566
31366566306634623866343262386130646532666638623764626535393630353736353737313465
64643734343731306666663164373532616361353031633238366435663139313530623539663734
38626662333732373739323332646265323038653139366530373264363062336632343561366437
62666632633935363232333537313635373539316330363530313862636330613233643464313266
37616263313765616431366431623364626337346238613232613636313234373837653066386661
35366166386536363431386138646434306163363734373234653336316161356264653535626538
31336235336131626562333635663438646432323164313266393031616536303762396533366432
65653666336266656338303533633038613636373332616666313030323965633731346563396533
30343535323534623637353639386565643339623138623634376264353534343332356663383861
32653939336166663631636338656438613531613935316435626336316634323866353734633639
38366464373935323039353830363437396239663537643736616463383436626439626161313663
65663634336630336532353165656331653063326163396230613561396537323332353963326238
35633230303435643230316132623837363963613765613162346530633137653662326463356362
61626134366161353263313032303664636539386136616539326336376661313336323133623662
35653161343863623036653230323837663531313233626463666634323136303630616361663731
35333465336230303332363563613163303939386533643061623833383864346239613866653362
31376263383363323731306366313236356637643932303539623932633735356136663863663634
38616164326536323637636633393736643036613339343866396235613432313763636663633535
39356333303664323537623266663830336231383433346363363465653034633763333666313337
30373430663166373366623764336164303630663561663661353931306637363962643436396163
63326466313034393639653261613131626233643433373137633538626135316336656237313761
63343039623266383162316237333931656331343731353165376532373466326330623937636637
61376234303764356132656561303431356163643834353034363036666131666665396138613238
33333033653362323937323737363333366663663137333035383336643031646535323033633862
34353161313533656263313165386533663061383633393137613663343339653266316466386138
33643565353137306136653538666135636135383733656461353635653265366436313437326361
65303537633463323366373730373037356636356635333432643864333738396364366132313232
66613130366562366162633363623039366137643736356234363662303264386566373339633739
38333562313036343761313435316463326432313265653966623562353163303462393433643635
61383339323364353535303739666531323564343430343133386539363335343537343138613463
61396435313631663164366563323064623335623431393163386635326139383336636239343137
35333535653731626634313237373135306261386637353533393566343031353935663138313938
38653435396434343531343934646365306536653865363963363631353730323463316137636138
35646639336639646435356662383966643636306337353631316665376639656435313735333465
37613762346235663632393935613832336631613135373938356335663836363335326463313333
33316236636465353838633233386639373361333064626661346438376233646364376231366138
39623761663532373065306439386365666564616531326463626463393234663962386565383135
36663366376164643536616335383964653337643163646465656531643663643963316234656466
36643764303835393135626466346161343235376235313736353935663230373263656562373837
33313436383030663263323733393235633439353665346263336266333739633139663166316164
39613939326430623538373330393634356662373066646161326362363735386462353339323033
38303430313365393665396133393635303335613136393163663932616463323733636230303635
37343433343639343637313765653234666530303563646333633530303965663935656264656439
31643137666562346361636236316664636462646637653466613164616263333730313065343565
33383936366433323038353639623761333865376162633564316163663261656531353961343335
62633131396438383439663261643365376138623736306461653338666133633831663032373264
31336639303662663236356234633631346332656266336562616566346632646337363534326132
64613937373266306334663538393537663562643231373234396137323232303638376532393637
33613938646134636539316365373830333361313034313731363561623038663630333566316434
61323233626432343366623362373039643261663230616239653533313137636532396638633563
61666335623162306532656230313462616434626438616434383532396134353932623732663763
32643661613034393861386535336530383935303137373464646561323032393162663339306635
36356531386630346364393565353432326236303139343132393561616337393163633664346137
62323864643364393432623939656364376639346533303931373435633863383331346133663735
66616239393637663465323132643661316532333431393362353531343338646666356232626435
65663436343233353862313539633561333436376532666562306339633335323838626235303833
37633165303065666238313262396232323433663866663136316335363965383632356537643264
31363065333739303836353037383264306138373734663564623639633363396565363864396264
36626138626436373962326162393536616562633838333665323432613831366232623730386230
65646431376638313736613833396663343734613533333261336663303364356330303966656632
39353163663136376666393836306135356230373431323463626462323462333538623834373337
32306235343736336632316535613731323666353365323563613635316436386136623466303562
34336664326265333836623565303631326538306432393032636466383465616133383136313635
63383135336666393364373031616232333232656333353161623432383039386339316263323136
36623436383063333834356132346436323462343831373133313161343335643838616662326431
61613335306361373062343961303937663134393735363036336238333330383365326430626163
32613935336666663933613963353136316135363539616537363364633561366562396362646535
61323161656536653066303562353363663436633265643733393134656334363230653233303338
34333638616166393163653733303130633538366234373763323962323730353936363135303531
65366532303136386564373639346230656365393663613663303261373833376562316533333162
33316232643534623065623530353434333861336336613330393830636235353733363136353335
66323161356664626630636236326632396237633063323135353462353536353934626437386436
64383263396465393439343566636662663531383162643434643663343836363732346266336162
31373462663337353038386539316562323237663432663865376361343132623466663861656134
37373963613761353566613138383233636665366464376435353465346265393365353865323238
62646365393531636539353737643238646637646331643138353866336135303865366338316461
64343531356330633238633464363763343066343734346435646431623339663764336335393736
64386133363533613131383766376231343234646330383461393833366361626132623063396465
65306439653431336665613666626366626362376363353263643165656562623039346339393832
63616232376639396338323430376561353230336536306334626434353432323034333866353334
64633661393663613366643066376230343831366465346131326535373461386238353637306436
61396135333963623839356435633138336131363765393831313938653332313138653939663334
30653066373066303963393935323838663636336565393630346637616464383966643263616663
66656666663735303131313662353631323736323264333030316434636164346430656437316463
32383738393737613137333930653233373537333138376131303536663831333439393031646331
30333732633264383731366362353636373366386434366337356432643430393234643730666338
37303931303339396663313464346236633334366636336537656537633330666266343263633039
31333937343965636238363366626164623965646166386163383236653439373133396163643661
36613063333965643332366132343133656331353030313535363931303865396439303331643764
61393464613563313931366334363665353031333463376434356235356463643830653861333735
65303638663037666136383237346565643639636661393766356638646634386464336134636238
31633637663935396366666430653230383338326130646561336235356439306632353738353662
38396263383066353934373730346532616666393930383831396534396661386465646663653638
62303965353964613762393162626235636539316566316666613936386638653864646131633235
33626463393936633761623431316265393764303339303130363639666537383765616330353830
61646464326365343933636263333436386162306230663539333033666331646536303839663132
66303536396538363165613261383133653738633663626565656263323838373066363665373735
32393032623637613133383763666262396664366663323538343935656533333463666332313137
31336464643037333966633263333164383462306137333837626464613038663363323863386539
38653262633430343764633239326666653965396434303831346362366131623533333334633532
63643031623530613936346437636230343766306336396635653865316238313134366366393562
37333134326439333235643039653161656332366265343735626330373765306339393534653132
64633264653630666439633132333166613430333064363332613134323265623161303435333737
62393338626561623834663362316362663231373966373036343430646232656137383334656265
61643130653566353530626137643965383634613037333166663162353134323132663264336232
66633233653438376631353466623532633030663535663438353238643132626465653139633834
36376461626132396137336531636566613166653461653637333966363038376531336362353462
37643861343834343139366464613461643839346661386162356237313065646636626161363264
31636336316439313464306437383465666535363839396364326139306230656531323932613163
34343364313532306630663763356364393235363962656633376261346530633030326634633831
30333931303562393936666634383637323963306634666430383863363364363031393135313232
65653333356465643334353163623539326533666366653233656439666336386235316237363863
63386631666233366265643233656631633630666137363635333734373366653937663631333032
35313033306234616630653963306463643433316439636432646461333235373933373739616330
30653234343530363534393365636432356630653436633464343566633434373030303363623932
38383566353063656431393866336166313264306537663130323564303131643032316538396239
34666637656364366239646332373231303063306461636534633632663332623433363963633563
33336430386133363734373065626263323039343262303236356664353236653432363165626366
66356635396130653737373835326466383531363936656666653337356635646134396265633834
31626139666433646235313135303437303930623032623738616330363431626363303833356136
66613538643733343261383665363862316361373933343066653830636436333434353139613034
32393632633438303330333462646331376265613761616336633461323036373637626131333463
36306662613332666161356663316239633961356366396339306138656363633535363934616237
35343436616635313939316166623262356137343663393133363736336635343764613430353836
62336238623730343135313939336262626265323039346461333136376636643433666434346562
33396539343732623838663763636461656335333461643935623634323330616132643966376430
30336536613831623132363939373239313331316663356664616536323630306534663236396437
66306561373635373937626362373763343832303430633135636238353036376664396162383735
36346639306632366463626131646263646639623064356230633666383437633762343538373935
64656633383533356331396565306563373861333835306535666338613430356661303034323335
34363266323361376533393530643235323166383666383762363237643061653836353630383638
62326361666133336431353962393638326333316330313935393930333661343462303762396365
33363561343436353833373437363834303636376633346334353135663735366532356263626531
66613737396564653638393733663436663362613061623237376333366666626338346637656661
61323962333061643761323063353262353538396339663737656138626634393163326662383264
6536653762316438303564383035313130373831303934653439
